                         0
                         0
                   1243340
                   3850586
                   6240741
                   8548818
                  10768571
                  12924179
                  14785770
                  16520649
                  18087184
                  19218535
                  20018814
                  20191243
                  20655328
                  20327817
                  20096981
                  19240661
                  18370367
                  16886339
                  15235077
                  11230000
                   8860338
                   6676322
                   4191532
                   1693229
                   -747759
                  -3536382
                  -6164775
                  -8465795
                 -10809679
                 -12852611
                 -14692351
                 -16436060
                 -17935315
                 -19195165
                 -20205673
                 -20669654
                 -20823312
                 -20700280
                 -20310592
                 -18683636
                 -17471344
                 -15849058
                 -13895989
                 -11771705
                  -9501414
                  -7242277
                  -4717427
                  -2377793
                     25141
                   2520570
                   5398706
                   7894880
                  10275475
                  12237035
                  14302184
                  15882314
                  17308317
                  18669731
                  19682161
                  20470188
                  20596665
                  20126819
                  19536944
                  18393704
                  17449335
                  15902706
                  14226347
                  11777904
                   9907802
                   7135695
                   5106400
                   2177716
                      6546
                  -2451030
                  -4852519
                  -7535712
                 -10117234
                 -12313011
                 -14223332
                 -15888041
                 -18684208
                 -19705309
                 -20477529
                 -20926208
                 -20904520
                 -20526278
                 -19866661
                 -18945323
                 -17780930
                 -16375039
                 -14693643
                 -12798850
                 -10446938
                  -8028190
                  -5525162
                  -2976501
                   -606227
                   1842783
                   4202229
                   6859973
                   9067983
                  13514836
                  15553497
                  16947945
                  18338853
                  19265659
                  20080294
                  20537720
                  20648422
                  20454592
                  19829335
                  18891016
                  17756493
                  16338569
                  14626097
                  12909809
                  10556298
                   8547710
                   5602609
                   3275677
                    611034
                  -4182149
                  -6622493
                  -9051901
                 -11219176
                 -13604856
                 -15471274
                 -17096062
                 -18375766
                 -19373710
                 -20173656
                 -20662567
                 -20888542
                 -20814046
                 -20285383
                 -19348475
                 -18204127
                 -16771111
                 -15153005
                 -13291373
                 -11381356
                  -9027000
                  -3883438
                  -1247509
                   1033401
                   3536230
                   5899033
                   8438530
                  10634971
                  12831799
                  14833167
                  16713314
                  17940531
                  19039755
                  19667709
                  20444735
                  20485166
                  20624485
                  20095336
                  19452194
                  18214024
                  16735216
                  13432079
                  11333521
                   9245070
                   6867834
                   4361282
                   1599001
                   -994353
                  -3395420
                  -5845349
                  -8269880
                 -10564598
                 -12624721
                 -14643682
                 -16392188
                 -18154790
                 -19190390
                 -20010213
                 -20523416
                 -20769710
                 -20743436
                 -19824449
                 -18834382
                 -17366332
                 -15742550
                 -13865462
                 -11870728
                  -9834189
                  -7386331
                  -5113372
                  -2473166
                    180302
                   2765477
                   5393772
                   7642962
                   9946167
                  12129084
                  13945329
                  15795574
                  17438185
                  18785827
                  19764092
                  20572488
                  20475306
                  20169379
                  19515082
                  18811143
                  17601102
                  15881838
                  13915955
                  12097876
                   9755329
                   7616620
                   4977731
                   2712239
                    305704
                  -2350496
                  -5101968
                  -7654339
                  -9882820
                 -12051196
                 -13950249
                 -17306064
                 -18753981
                 -19815102
                 -20513463
                 -20814270
                 -20794094
                 -20502668
                 -19903370
                 -19111997
                 -17918301
                 -16653946
                 -14700446
                 -12645019
                 -10419291
                  -8126727
                  -5693625
                  -3378181
                   -802819
                   1605674
                   4102322
                   6990349
                  11488800
                  13505647
                  15286235
                  16868167
                  18237172
                  19285389
                  20222147
                  20488099
                  20620308
                  20391787
                  19773204
                  18969053
                  17841986
                  16463348
                  14915251
                  12849975
                  10662330
                   8227853
                   5896068
                   3372221
                  -1365378
                  -4019824
                  -6395868
                  -9130204
                 -11480597
                 -13483336
                 -15274521
                 -16888848
                 -18197168
                 -19333863
                 -20174009
                 -20789276
                 -20988206
                 -20744594
                 -20164815
                 -19351590
                 -18281196
                 -16889977
                 -15377403
                 -13579118
                 -11572110
                  -6529112
                  -3921045
                  -1613807
                    771170
                   3265066
                   5796689
                   8223491
                  10662939
                  13042002
                  14759923
                  16506239
                  17605684
                  18923124
                  19762626
                  20419045
                  20663145
                  20695920
                  20099922
                  19348803
                  18042176
                  15301732
                  13613685
                  11591112
                   9416642
                   6815725
                   4172864
                   1569385
                   -824880
                  -3189438
                  -5648653
                  -7979604
                 -10406466
                 -12554326
                 -14825020
                 -16518101
                 -17903872
                 -19022699
                 -19879414
                 -20485559
                 -20818923
                 -20580391
                 -19774176
                 -18690701
                 -17411849
                 -15786221
                 -14091842
                 -12042868
                 -10044074
                  -7696927
                  -5119120
                  -2294369
                     74547
                   2735104
                   4933220
                   7500278
                   9741816
                  11832106
                  14015915
                  15946720
                  17548055
                  18668082
                  20144994
                  20545069
                  20407198
                  20369185
                  19710471
                  18918349
                  17283911
                  16043020
                  13964052
                  12214436
                   9932888
                   7814805
                   5366817
                   2919292
                    -71663
                  -2378841
                  -4998971
                  -7337089
                  -9679546
                 -11833946
                 -15709194
                 -17468600
                 -18824020
                 -19737482
                 -20382388
                 -20708194
                 -20771697
                 -20566197
                 -20046316
                 -19263802
                 -18035894
                 -16405765
                 -14681432
                 -12751700
                 -10541668
                  -8376677
                  -5965125
                  -3563264
                  -1014267
                   1719134
                   4266281
                   9187013
                  11234954
                  13357351
                  15130747
                  16842740
                  18212688
                  19389330
                  20085631
                  20470520
                  20592688
                  20321724
                  19905624
                  19091070
                  18117890
                  16474876
                  14879072
                  12713275
                  10828592
                   8359585
                   6201012
                   1275851
                  -1292195
                  -3875659
                  -6691128
                  -9041842
