               -2147483648
               -2147483648
                 929083904
                1017721280
                1124840064
                1244843904
                1378061888
                1522952000
                1682165120
                1846426432
                2017748736
               -2088766080
               -1906172544
               -1734472448
               -1575608704
               -1427013568
               -1290001792
               -1163194816
               -1053970688
                -960996928
                -886343552
                -831685440
                -812848192
                -816066688
                -840301376
                -885999744
                -950016512
               -1032679424
               -1133558848
               -1252116928
               -1398435776
               -1563246656
               -1726386304
               -1898324736
               -2068549888
                2055802816
                1886502400
                1720246464
                1555280128
                1401849472
                1248673344
                1126504960
                1024070848
                 943320320
                 881864896
                 839949056
                 817989376
                 816805376
                 837361664
                 881893824
                 962576128
                1058092672
                1169971136
                1296091648
                1434577024
                1587624000
                1746542656
                1913296192
                2086060800
               -2016144512
               -1835096128
               -1670152576
               -1514919744
               -1370863936
               -1236085504
               -1118565760
               -1016246912
                -929262400
                -863349888
                -819934080
                -810009472
                -822108032
                -855858368
                -909024064
                -981055680
               -1071288320
               -1182169728
               -1307458688
               -1456411008
               -1625698304
               -1795748032
               -1965521216
               -2136533440
                1988100992
                1816075840
                1652384192
                1494882688
                1345951808
                1198952832
                1080996608
                 988583104
                 915692224
                 862467968
                 828628416
                 815914112
                 823875776
                 853219008
                 908018368
                 996031168
                1098934464
                1217465984
                1352788928
                1496516480
                1650103936
                1812056512
                1980845632
               -2136225344
               -1948020160
               -1768901632
               -1606986816
               -1452211072
               -1313360128
               -1187834624
               -1076812608
                -979538688
                -902481664
                -844946944
                -811377920
                -810638592
                -832104576
                -874150464
                -935561536
               -1015395008
               -1115455104
               -1230478080
               -1361747264
               -1516046272
               -1693334336
               -1862085248
               -2033241088
                2090419584
                1916663936
                1750579520
                1589702464
                1436038208
                1288817024
                1148745856
                1041076800
                 956314432
                 891501568
                 845605888
                 821366592
                 817401088
                 835017280
                 873591104
                 936138304
                1032733696
                1142729152
                1270546048
                1408270272
                1556565696
                1713774592
                1882511680
                2052973952
               -2067768000
               -1880444736
               -1703759744
               -1541480768
               -1394913216
               -1261365696
               -1139230592
               -1035441600
                -948234624
                -879219648
                -830228544
                -806129856
                -814682304
                -844921856
                -895434752
                -966954752
               -1054913472
               -1159959872
               -1281352576
               -1418276224
               -1581176064
               -1758289600
               -1929121408
               -2105442368
                2018352960
                1850029120
                1686199040
                1528594496
                1375671680
                1237200064
                1104028800
                1003827072
                 925237696
                 869181888
                 833407936
                 817834688
                 822849856
                 848884736
                 896102080
                 967144640
                1074666560
                1191899136
                1323073600
                1465850304
                1618273088
                1782638656
                1949582720
                2121196288
               -1999501888
               -1809462272
               -1635823680
               -1481459456
               -1339734464
               -1208696768
               -1096028352
                -999317632
                -919825856
                -857994688
                -818197248
                -805035072
                -822506752
                -861423680
                -921701184
                -999617600
               -1094950144
               -1206784960
               -1337691328
               -1480225792
               -1644159552
               -1824357696
               -2000922048
                2121384512
