                         0
                         0
                    709503
                  -1253394
                    708624
                    148849
                   -577197
                    358298
                    149509
                   -248674
                   -172429
                    564409
                   -427425
                   -356385
                   1170407
                  -1083473
                     71786
                    883656
                   -940797
                    246593
                    347635
                    -37238
                    317939
                    -32213
                   -586076
                    767219
                   -177065
                   -864972
                   1380615
                   -719806
                   -333270
                    812330
                   -529133
                    -99525
                    328161
                      4213
                   -362921
                    277690
                    345607
                   -964335
                    766864
                  -1198240
                   1114872
                   -220064
                   -521276
                    554539
                   -114952
                   -264825
                    109614
                    397644
                   -537483
                     23708
                    810157
                  -1214114
                    532413
                    604507
                  -1070729
                    649759
                    139207
                   -485130
                    185984
                    209221
                   -253580
                    735114
                   -505448
                   -410517
                   1267293
                  -1158206
                     95099
                    767373
                   -766078
                    206592
                    302468
                   -255964
                   -201266
                    369008
                     32861
                   -680354
                    928684
                   -246375
                   -897906
                   1322347
                   -273070
                    700664
                   -368353
                   -125397
                    250167
                    101914
                   -513211
                    319774
                    444414
                  -1075291
                    911769
                    151899
                  -1064899
                    954072
                   -216746
                   -428982
                    448154
                     26855
                   -279446
                      1703
                    501861
                     53561
                    940655
                  -1343562
                    645742
                    497076
                   -950190
                    513506
                    127229
                   -365459
                     82921
                    327515
                   -222113
                   -388278
                    848565
                   -610960
                   -398765
                   1295990
                  -1088873
                    131917
                    634303
                     98353
                    278975
                   -113930
                   -303725
                    459636
                     42351
                   -838146
                   1052221
                   -320357
                   -798276
                   1204588
                   -594674
                   -222187
                    548600
                   -271463
                   -202555
                    216511
                    261520
                   -617395
                    378650
                    471602
                   1018673
                     53508
                   -900192
                    856934
                   -151366
                   -368850
                    283175
                    116222
                   -323496
                    -43475
                    674024
                   -775033
                     76762
                    991588
                  -1369660
                    589952
                    409446
                   -776901
                    433780
                    156895
                    -89024
                    412095
                   -231078
                   -448490
                   1027504
                   -718077
                   -372327
                   1202391
                  -1013673
                    115338
                    542348
                   -483501
                     32260
                    273044
                    -39253
                   -476893
                    540221
                     70041
                   -917922
                   1231108
                   -679452
                   1023132
                   -542250
                   -201331
                    454886
                   -100959
                   -258568
                    175522
                    346387
                   -785700
                    453575
                    537024
                  -1355118
                   1100288
                     18641
                   -783969
                    685612
                   -116709
                   -313408
                    187767
                    276693
                   -118875
                    772792
                   -931906
                    141254
                    971634
                  -1256714
                    572702
                    338971
                   -666024
                    278181
                    178139
                   -210942
                   -188319
                    556782
                   -268761
                   -556886
                   1143121
                   -856359
                   -250819
                   1071369
                    118013
                    441041
                   -377826
                   -102828
                    283349
                     77121
                   -583161
                    663758
                     45780
                  -1057187
                   1316662
                   -507408
                   -563188
                    905763
                   -413868
                   -184598
                    327872
                      1683
                   -368860
                    174525
                    488341
                    549883
                    532498
                  -1327740
                    975730
                    -24137
                   -644033
                    581047
                    -17683
                   -285651
                     39856
                    378919
                   -452314
                   -133777
                    936259
                  -1057065
                    222021
                    860107
                  -1144626
                    482539
                    283687
                    184025
                    245442
                   -173105
                   -352252
                    660802
                   -317219
                   -590797
                   1322887
                   -948493
                   -168422
                    902961
                   -767558
                     63304
                    377599
                   -209983
                   -189904
                    316795
                    127077
                   -757688
                    769746
                     34016
                   1351479
                   -463311
                   -472671
                    730886
                   -339014
                   -203331
                    257809
                    174468
                   -451195
                    172510
                    554251
                  -1080574
                    655113
                    467746
                  -1191971
                    907587
                    -19060
                   -550285
                    406530
                     44458
                    -38093
                    550956
                   -530175
                   -172739
                   1022476
                  -1234089
                    343086
                    740135
                   -965132
                    436320
                    252112
                   -414152
                     15930
                    297769
                   -121559
                   -440934
                    826009
                   -388427
                   -667538
                   1371178
                   -122135
                    786958
                   -600031
                     33865
                    312008
                   -113245
                   -346117
                    360486
                    212459
                   -860711
                    921365
                    -24966
                  -1040431
                   1181050
                   -453322
                   -392120
                    620845
                   -189007
                   -220100
                    161193
                    275580
                    205708
                    671850
                  -1200691
                    775400
                    358832
                  -1063940
                    760505
                    -27357
                   -440541
                    301722
                    172398
                   -274939
                   -162619
                    659261
                   -645917
                   -154448
                   1169893
                  -1282856
                    373648
                    615829
                    316477
                    230504
                   -280158
                    -86074
                    399655
                   -115789
                   -589711
                    943599
                   -475289
                   -670620
                   1352685
                   -859533
                    -74043
                    640982
                   -498753
                    -55756
                    280205
                     40050
                   -448028
                    432092
                    233163
                   1047959
                   -122698
                   -906882
                   1074679
                   -373494
                   -332980
                    459708
                    -97565
                   -277227
                    119080
                    443072
                   -693589
                    243352
                    712862
                  -1383570
                    873570
                    272063
                   -892246
                    674075
                     16494
                    131813
                    257198
                   -297769
                   -217414
                    835603
                   -750821
                   -154510
                   1172091
                  -1261310
                    341525
                    522667
                   -675245
                    246075
                    238510
                   -207023
                   -259180
                    479674
                   -102738
                   -661084
                   1122499
                   -577912
                   1168023
                   -798621
                    -67739
                    545631
                   -325340
                   -113819
                    252800
                    121259
                   -618414
                    507154
                    283394
                  -1122044
                   1185417
                   -208734
                   -786507
                    897803
                   -333471
                   -290629
                    363604
                     67578
                     57108
                    535811
                   -855125
                    310482
                    800556
                  -1379914
                    846803
                    214894
                   -776902
                    511007
                     40943
                   -298532
                     33714
                    408435
                   -337362
                   -312632
                    942929
                   -896689
                   -101327
                   1103774
